"GC EI Compounds ID"	"New CD Table ID"	"New CD Table WorkflowID"
1	1	239
2	2	239
3	3	239
4	4	239
5	5	239
6	6	239
7	7	239
8	8	239
9	9	239
10	10	239
11	11	239
12	12	239
13	13	239
14	14	239
15	15	239
16	16	239
17	17	239
18	18	239
19	19	239
20	20	239
21	21	239
22	22	239
23	23	239
24	24	239
25	25	239
26	26	239
27	27	239
28	28	239
29	29	239
30	30	239
31	31	239
32	32	239
33	33	239
34	34	239
35	35	239
36	36	239
37	37	239
38	38	239
39	39	239
40	40	239
41	41	239
42	42	239
43	43	239
44	44	239
45	45	239
46	46	239
47	47	239
48	48	239
49	49	239
50	50	239
51	51	239
52	52	239
53	53	239
54	54	239
55	55	239
56	56	239
57	57	239
58	58	239
59	59	239
60	60	239
61	61	239
62	62	239
63	63	239
64	64	239
65	65	239
66	66	239
67	67	239
68	68	239
69	69	239
70	70	239
71	71	239
72	72	239
73	73	239
74	74	239
75	75	239
76	76	239
77	77	239
78	78	239
79	79	239
80	80	239
81	81	239
82	82	239
83	83	239
84	84	239
85	85	239
86	86	239
87	87	239
88	88	239
89	89	239
90	90	239
91	91	239
92	92	239
93	93	239
94	94	239
95	95	239
96	96	239
97	97	239
98	98	239
99	99	239
100	100	239
101	101	239
102	102	239
103	103	239
104	104	239
105	105	239
106	106	239
107	107	239
108	108	239
109	109	239
110	110	239
111	111	239
112	112	239
113	113	239
114	114	239
115	115	239
116	116	239
117	117	239
118	118	239
119	119	239
120	120	239
121	121	239
122	122	239
123	123	239
124	124	239
125	125	239
126	126	239
127	127	239
128	128	239
129	129	239
130	130	239
131	131	239
132	132	239
133	133	239
134	134	239
135	135	239
136	136	239
137	137	239
138	138	239
139	139	239
140	140	239
141	141	239
142	142	239
143	143	239
144	144	239
145	145	239
146	146	239
147	147	239
148	148	239
149	149	239
150	150	239
151	151	239
152	152	239
153	153	239
154	154	239
155	155	239
156	156	239
157	157	239
158	158	239
159	159	239
160	160	239
161	161	239
162	162	239
163	163	239
164	164	239
165	165	239
166	166	239
167	167	239
168	168	239
169	169	239
170	170	239
171	171	239
172	172	239
173	173	239
174	174	239
175	175	239
176	176	239
177	177	239
178	178	239
179	179	239
180	180	239
181	181	239
182	182	239
183	183	239
184	184	239
185	185	239
186	186	239
187	187	239
188	188	239
189	189	239
190	190	239
191	191	239
192	192	239
193	193	239
194	194	239
195	195	239
196	196	239
197	197	239
198	198	239
199	199	239
200	200	239
201	201	239
202	202	239
203	203	239
204	204	239
205	205	239
206	206	239
207	207	239
208	208	239
209	209	239
210	210	239
211	211	239
212	212	239
213	213	239
214	214	239
215	215	239
216	216	239
217	217	239
218	218	239
219	219	239
220	220	239
221	221	239
222	222	239
223	223	239
224	224	239
225	225	239
226	226	239
227	227	239
228	228	239
229	229	239
230	230	239
231	231	239
232	232	239
233	233	239
234	234	239
235	235	239
236	236	239
237	237	239
238	238	239
239	239	239
240	240	239
241	241	239
242	242	239
243	243	239
244	244	239
245	245	239
246	246	239
247	247	239
248	248	239
249	249	239
250	250	239
251	251	239
252	252	239
253	253	239
254	254	239
255	255	239
256	256	239
257	257	239
258	258	239
259	259	239
260	260	239
261	261	239
262	262	239
263	263	239
264	264	239
265	265	239
266	266	239
267	267	239
268	268	239
269	269	239
270	270	239
271	271	239
272	272	239
273	273	239
274	274	239
275	275	239
276	276	239
277	277	239
278	278	239
279	279	239
280	280	239
281	281	239
282	282	239
283	283	239
284	284	239
285	285	239
286	286	239
287	287	239
288	288	239
289	289	239
290	290	239
291	291	239
292	292	239
293	293	239
294	294	239
295	295	239
296	296	239
297	297	239
298	298	239
299	299	239
300	300	239
301	301	239
302	302	239
303	303	239
304	304	239
305	305	239
306	306	239
307	307	239
308	308	239
309	309	239
310	310	239
311	311	239
312	312	239
313	313	239
314	314	239
315	315	239
316	316	239
317	317	239
318	318	239
319	319	239
320	320	239
321	321	239
322	322	239
323	323	239
324	324	239
325	325	239
326	326	239
327	327	239
328	328	239
329	329	239
330	330	239
331	331	239
332	332	239
333	333	239
334	334	239
335	335	239
336	336	239
337	337	239
338	338	239
339	339	239
340	340	239
341	341	239
342	342	239
343	343	239
344	344	239
345	345	239
346	346	239
347	347	239
348	348	239
349	349	239
350	350	239
351	351	239
352	352	239
353	353	239
354	354	239
355	355	239
356	356	239
357	357	239
358	358	239
359	359	239
360	360	239
361	361	239
362	362	239
363	363	239
364	364	239
365	365	239
366	366	239
367	367	239
368	368	239
369	369	239
370	370	239
371	371	239
372	372	239
373	373	239
374	374	239
375	375	239
376	376	239
377	377	239
378	378	239
379	379	239
380	380	239
381	381	239
382	382	239
383	383	239
384	384	239
385	385	239
386	386	239
387	387	239
388	388	239
389	389	239
390	390	239
391	391	239
392	392	239
393	393	239
394	394	239
395	395	239
396	396	239
397	397	239
398	398	239
399	399	239
400	400	239
401	401	239
402	402	239
403	403	239
404	404	239
405	405	239
406	406	239
407	407	239
408	408	239
409	409	239
410	410	239
411	411	239
412	412	239
413	413	239
414	414	239
415	415	239
416	416	239
417	417	239
418	418	239
419	419	239
420	420	239
421	421	239
422	422	239
423	423	239
424	424	239
425	425	239
426	426	239
427	427	239
428	428	239
429	429	239
430	430	239
431	431	239
432	432	239
433	433	239
434	434	239
435	435	239
436	436	239
437	437	239
438	438	239
439	439	239
440	440	239
441	441	239
442	442	239
443	443	239
444	444	239
445	445	239
446	446	239
447	447	239
448	448	239
449	449	239
450	450	239
451	451	239
452	452	239
453	453	239
454	454	239
455	455	239
456	456	239
457	457	239
458	458	239
459	459	239
460	460	239
461	461	239
462	462	239
463	463	239
464	464	239
465	465	239
466	466	239
467	467	239
468	468	239
469	469	239
470	470	239
471	471	239
472	472	239
473	473	239
474	474	239
475	475	239
476	476	239
477	477	239
478	478	239
479	479	239
480	480	239
481	481	239
482	482	239
483	483	239
484	484	239
485	485	239
486	486	239
487	487	239
488	488	239
489	489	239
490	490	239
491	491	239
492	492	239
493	493	239
494	494	239
495	495	239
496	496	239
497	497	239
498	498	239
499	499	239
500	500	239
501	501	239
502	502	239
503	503	239
504	504	239
505	505	239
506	506	239
507	507	239
508	508	239
509	509	239
510	510	239
511	511	239
512	512	239
513	513	239
514	514	239
515	515	239
516	516	239
517	517	239
518	518	239
519	519	239
520	520	239
521	521	239
522	522	239
523	523	239
524	524	239
525	525	239
526	526	239
527	527	239
528	528	239
529	529	239
530	530	239
531	531	239
532	532	239
533	533	239
534	534	239
535	535	239
536	536	239
537	537	239
538	538	239
539	539	239
540	540	239
541	541	239
542	542	239
543	543	239
544	544	239
545	545	239
546	546	239
547	547	239
548	548	239
549	549	239
550	550	239
551	551	239
552	552	239
553	553	239
554	554	239
555	555	239
556	556	239
557	557	239
558	558	239
559	559	239
560	560	239
561	561	239
562	562	239
563	563	239
564	564	239
565	565	239
566	566	239
567	567	239
568	568	239
569	569	239
570	570	239
571	571	239
572	572	239
573	573	239
574	574	239
575	575	239
576	576	239
577	577	239
578	578	239
579	579	239
580	580	239
581	581	239
582	582	239
583	583	239
584	584	239
585	585	239
586	586	239
587	587	239
588	588	239
589	589	239
590	590	239
591	591	239
592	592	239
593	593	239
594	594	239
595	595	239
596	596	239
597	597	239
598	598	239
599	599	239
600	600	239
601	601	239
602	602	239
603	603	239
604	604	239
605	605	239
606	606	239
607	607	239
608	608	239
609	609	239
610	610	239
611	611	239
612	612	239
613	613	239
614	614	239
615	615	239
616	616	239
617	617	239
618	618	239
619	619	239
620	620	239
621	621	239
622	622	239
623	623	239
624	624	239
625	625	239
626	626	239
627	627	239
628	628	239
629	629	239
630	630	239
631	631	239
632	632	239
633	633	239
634	634	239
635	635	239
636	636	239
637	637	239
638	638	239
639	639	239
640	640	239
641	641	239
642	642	239
643	643	239
644	644	239
645	645	239
646	646	239
647	647	239
648	648	239
649	649	239
650	650	239
651	651	239
652	652	239
653	653	239
654	654	239
655	655	239
656	656	239
657	657	239
658	658	239
659	659	239
660	660	239
661	661	239
662	662	239
663	663	239
664	664	239
665	665	239
666	666	239
667	667	239
668	668	239
669	669	239
670	670	239
671	671	239
672	672	239
673	673	239
674	674	239
675	675	239
676	676	239
677	677	239
678	678	239
679	679	239
680	680	239
681	681	239
682	682	239
683	683	239
684	684	239
685	685	239
686	686	239
687	687	239
688	688	239
689	689	239
690	690	239
691	691	239
692	692	239
693	693	239
694	694	239
695	695	239
696	696	239
697	697	239
698	698	239
699	699	239
700	700	239
701	701	239
702	702	239
703	703	239
704	704	239
705	705	239
706	706	239
707	707	239
708	708	239
709	709	239
710	710	239
711	711	239
712	712	239
713	713	239
714	714	239
715	715	239
716	716	239
717	717	239
718	718	239
719	719	239
720	720	239
721	721	239
722	722	239
723	723	239
724	724	239
725	725	239
726	726	239
727	727	239
728	728	239
729	729	239
730	730	239
731	731	239
732	732	239
733	733	239
734	734	239
735	735	239
736	736	239
737	737	239
738	738	239
739	739	239
740	740	239
741	741	239
742	742	239
743	743	239
744	744	239
745	745	239
746	746	239
747	747	239
748	748	239
749	749	239
750	750	239
751	751	239
752	752	239
753	753	239
754	754	239
755	755	239
756	756	239
757	757	239
758	758	239
759	759	239
760	760	239
761	761	239
762	762	239
763	763	239
764	764	239
765	765	239
766	766	239
767	767	239
768	768	239
769	769	239
770	770	239
771	771	239
772	772	239
773	773	239
774	774	239
775	775	239
776	776	239
777	777	239
778	778	239
779	779	239
780	780	239
781	781	239
782	782	239
783	783	239
784	784	239
785	785	239
786	786	239
787	787	239
788	788	239
789	789	239
790	790	239
791	791	239
792	792	239
793	793	239
794	794	239
795	795	239
796	796	239
797	797	239
798	798	239
799	799	239
800	800	239
801	801	239
802	802	239
803	803	239
804	804	239
805	805	239
806	806	239
807	807	239
808	808	239
809	809	239
810	810	239
811	811	239
812	812	239
813	813	239
814	814	239
815	815	239
816	816	239
817	817	239
818	818	239
819	819	239
820	820	239
821	821	239
822	822	239
823	823	239
824	824	239
825	825	239
826	826	239
827	827	239
828	828	239
829	829	239
830	830	239
831	831	239
832	832	239
833	833	239
834	834	239
835	835	239
836	836	239
837	837	239
838	838	239
839	839	239
840	840	239
841	841	239
842	842	239
843	843	239
844	844	239
845	845	239
846	846	239
847	847	239
848	848	239
849	849	239
850	850	239
851	851	239
852	852	239
853	853	239
854	854	239
855	855	239
856	856	239
857	857	239
858	858	239
859	859	239
860	860	239
861	861	239
862	862	239
863	863	239
864	864	239
865	865	239
866	866	239
867	867	239
868	868	239
869	869	239
870	870	239
871	871	239
872	872	239
873	873	239
874	874	239
875	875	239
876	876	239
877	877	239
878	878	239
879	879	239
880	880	239
881	881	239
882	882	239
883	883	239
884	884	239
885	885	239
886	886	239
887	887	239
888	888	239
889	889	239
890	890	239
891	891	239
892	892	239
893	893	239
894	894	239
895	895	239
896	896	239
897	897	239
898	898	239
899	899	239
900	900	239
901	901	239
902	902	239
903	903	239
904	904	239
905	905	239
906	906	239
907	907	239
908	908	239
909	909	239
910	910	239
911	911	239
912	912	239
913	913	239
914	914	239
915	915	239
916	916	239
917	917	239
918	918	239
919	919	239
920	920	239
921	921	239
922	922	239
923	923	239
924	924	239
925	925	239
926	926	239
927	927	239
928	928	239
929	929	239
930	930	239
931	931	239
932	932	239
933	933	239
934	934	239
935	935	239
936	936	239
937	937	239
938	938	239
939	939	239
940	940	239
941	941	239
942	942	239
943	943	239
944	944	239
945	945	239
946	946	239
947	947	239
948	948	239
949	949	239
950	950	239
951	951	239
952	952	239
953	953	239
954	954	239
955	955	239
956	956	239
957	957	239
958	958	239
959	959	239
960	960	239
961	961	239
962	962	239
963	963	239
964	964	239
965	965	239
966	966	239
967	967	239
968	968	239
969	969	239
970	970	239
971	971	239
972	972	239
973	973	239
974	974	239
975	975	239
976	976	239
977	977	239
978	978	239
979	979	239
980	980	239
981	981	239
982	982	239
983	983	239
984	984	239
985	985	239
986	986	239
987	987	239
988	988	239
989	989	239
990	990	239
991	991	239
992	992	239
993	993	239
994	994	239
995	995	239
996	996	239
997	997	239
998	998	239
999	999	239
1000	1000	239
1001	1001	239
1002	1002	239
1003	1003	239
1004	1004	239
1005	1005	239
1006	1006	239
1007	1007	239
1008	1008	239
1009	1009	239
1010	1010	239
1011	1011	239
1012	1012	239
1013	1013	239
1014	1014	239
1015	1015	239
1016	1016	239
1017	1017	239
1018	1018	239
1019	1019	239
1020	1020	239
1021	1021	239
1022	1022	239
1023	1023	239
1024	1024	239
1025	1025	239
1026	1026	239
1027	1027	239
1028	1028	239
1029	1029	239
1030	1030	239
1031	1031	239
1032	1032	239
1033	1033	239
1034	1034	239
1035	1035	239
1036	1036	239
1037	1037	239
1038	1038	239
1039	1039	239
1040	1040	239
1041	1041	239
1042	1042	239
1043	1043	239
1044	1044	239
1045	1045	239
1046	1046	239
1047	1047	239
1048	1048	239
1049	1049	239
1050	1050	239
1051	1051	239
1052	1052	239
1053	1053	239
1054	1054	239
1055	1055	239
1056	1056	239
1057	1057	239
1058	1058	239
1059	1059	239
1060	1060	239
1061	1061	239
1062	1062	239
1063	1063	239
1064	1064	239
1065	1065	239
1066	1066	239
1067	1067	239
1068	1068	239
1069	1069	239
1070	1070	239
1071	1071	239
1072	1072	239
1073	1073	239
1074	1074	239
1075	1075	239
1076	1076	239
1077	1077	239
1078	1078	239
1079	1079	239
1080	1080	239
1081	1081	239
1082	1082	239
1083	1083	239
1084	1084	239
1085	1085	239
1086	1086	239
1087	1087	239
1088	1088	239
1089	1089	239
1090	1090	239
1091	1091	239
1092	1092	239
1093	1093	239
1094	1094	239
1095	1095	239
1096	1096	239
1097	1097	239
1098	1098	239
1099	1099	239
1100	1100	239
1101	1101	239
1102	1102	239
1103	1103	239
1104	1104	239
1105	1105	239
1106	1106	239
1107	1107	239
1108	1108	239
1109	1109	239
1110	1110	239
1111	1111	239
1112	1112	239
1113	1113	239
1114	1114	239
1115	1115	239
1116	1116	239
1117	1117	239
1118	1118	239
1119	1119	239
1120	1120	239
1121	1121	239
1122	1122	239
1123	1123	239
1124	1124	239
1125	1125	239
1126	1126	239
1127	1127	239
1128	1128	239
1129	1129	239
1130	1130	239
1131	1131	239
1132	1132	239
1133	1133	239
1134	1134	239
1135	1135	239
1136	1136	239
1137	1137	239
1138	1138	239
1139	1139	239
1140	1140	239
1141	1141	239
1142	1142	239
1143	1143	239
1144	1144	239
1145	1145	239
1146	1146	239
1147	1147	239
1148	1148	239
1149	1149	239
1150	1150	239
1151	1151	239
1152	1152	239
1153	1153	239
1154	1154	239
1155	1155	239
1156	1156	239
1157	1157	239
1158	1158	239
1159	1159	239
1160	1160	239
1161	1161	239
1162	1162	239
1163	1163	239
1164	1164	239
1165	1165	239
1166	1166	239
1167	1167	239
1168	1168	239
1169	1169	239
1170	1170	239
1171	1171	239
1172	1172	239
1173	1173	239
1174	1174	239
1175	1175	239
1176	1176	239
1177	1177	239
1178	1178	239
1179	1179	239
1180	1180	239
1181	1181	239
1182	1182	239
1183	1183	239
1184	1184	239
1185	1185	239
1186	1186	239
1187	1187	239
1188	1188	239
1189	1189	239
1190	1190	239
1191	1191	239
1192	1192	239
1193	1193	239
1194	1194	239
1195	1195	239
1196	1196	239
1197	1197	239
1198	1198	239
1199	1199	239
1200	1200	239
1201	1201	239
1202	1202	239
1203	1203	239
1204	1204	239
1205	1205	239
1206	1206	239
1207	1207	239
1208	1208	239
1209	1209	239
1210	1210	239
1211	1211	239
1212	1212	239
1213	1213	239
1214	1214	239
1215	1215	239
1216	1216	239
1217	1217	239
1218	1218	239
1219	1219	239
1220	1220	239
1221	1221	239
1222	1222	239
1223	1223	239
1224	1224	239
1225	1225	239
1226	1226	239
1227	1227	239
1228	1228	239
1229	1229	239
1230	1230	239
1231	1231	239
1232	1232	239
1233	1233	239
1234	1234	239
1235	1235	239
1236	1236	239
1237	1237	239
1238	1238	239
1239	1239	239
1240	1240	239
1241	1241	239
1242	1242	239
1243	1243	239
1244	1244	239
1245	1245	239
1246	1246	239
1247	1247	239
1248	1248	239
1249	1249	239
1250	1250	239
1251	1251	239
1252	1252	239
1253	1253	239
1254	1254	239
1255	1255	239
1256	1256	239
1257	1257	239
1258	1258	239
1259	1259	239
1260	1260	239
1261	1261	239
1262	1262	239
1263	1263	239
1264	1264	239
1265	1265	239
1266	1266	239
1267	1267	239
1268	1268	239
1269	1269	239
1270	1270	239
1271	1271	239
1272	1272	239
1273	1273	239
1274	1274	239
1275	1275	239
1276	1276	239
1277	1277	239
1278	1278	239
1279	1279	239
1280	1280	239
1281	1281	239
1282	1282	239
1283	1283	239
1284	1284	239
